0.011609977	52.129
0.017414966	7273.04
0.023219955	75.0184
0.029024943	4935.14
0.034829932	4967.43
0.040634921	7330.43
0.046439909	279.466
0.052244898	5625.51
0.058049887	4394.16
0.063854875	5709.74
0.069659864	5685.8
0.075464853	7219.84
0.081269841	5088.4
0.087074830	4952.43
0.092879819	6487.08
0.098684807	6346.63
0.104489796	3721.97
0.110294785	43.2823
0.116099773	71.257
0.121904762	69.2423
0.127709751	6140.62
0.133514739	5625.96
0.139319728	3422.3
0.145124717	5544.75
0.150929705	5637.38
0.156734694	5617.91
0.162539683	4453.8
0.168344671	9578.4
0.174149660	6292.45
0.179954649	6372.39
0.185759637	4981.04
0.191564626	4026.18
0.197369615	51.6463
0.203174603	74.7623
0.208979592	95.8928
0.214784580	7319.85
0.220589569	4475.36
0.226394558	5594.17
0.232199546	7299.85
0.238004535	5552.09
0.243809524	60.9361
0.249614512	5499.32
0.255419501	279.424
0.261224490	6192.96
0.267029478	4018.36
0.272834467	7323.33
0.278639456	7181.94
0.284444444	67.439
0.290249433	7221.13
0.296054422	5584.16
0.301859410	7443.73
0.307664399	7434.12
0.313469388	7508.45
0.319274376	257.55
0.325079365	259.234	[1] 
0.330884354	261.93	[1] 
0.336689342	262.195	[1] 
0.342494331	262.615	[1] 
0.348299320	534.053	[1] 
0.354104308	527.319	[1] 
0.359909297	529.763	[1] 
0.365714286	529.596	[1] 
0.371519274	526.156	[1] 
0.377324263	528.624	[1] 
0.383129252	529.285	[1] 
0.388934240	526.579	[1] 
0.394739229	529.696	[1] 
0.400544218	528.004	[1] 
0.406349206	526.975	[1] 
0.412154195	528.365	[1] 
0.417959184	526.805	[1] 
0.423764172	527.921	[1] 
0.429569161	527.406	[1] 
0.435374150	529.22	[1] 
0.441179138	528.543	[1] 
0.446984127	530.926	[1] 
0.452789116	530.16	[1] 
0.458594104	530.203	[1] 
0.464399093	528.455	[1] 
0.470204082	529.628	[1] 
0.476009070	526.248	[1] 
0.481814059	529.505	[1] 
0.487619048	526.574	[1] 
0.493424036	529.026	[1] 
0.499229025	526.65	[1] 
0.505034014	529.541	[1] 
0.510839002	527.782	[1] 
0.516643991	529.014	[1] 
0.522448980	529.611	[1] 
0.528253968	527.008	[1] 
0.534058957	530.548	[1] 
0.539863946	526.822	[1] 
0.545668934	530.728	[1] 
0.551473923	526.484	[1] 
0.557278912	529.472	[1] 
0.563083900	526.635	[1] 
0.568888889	528.351	[1] 
0.574693878	529.237	[1] 
0.580498866	261.856	[1] 
0.586303855	261.908	[1] 
0.592108844	261.921	[1] 
0.597913832	261.835	[1] 
0.603718821	261.871	[1] 
0.609523810	261.885	[1] 
0.615328798	261.8	[1] 
0.621133787	261.925	[1] 
0.626938776	261.831	[1] 
0.632743764	261.845	[1] 
0.638548753	261.871	[1] 
0.644353741	261.855	[1] 
0.650158730	261.903	[1] 
0.655963719	261.913	[1] 
0.661768707	261.884	[1] 
0.667573696	261.887	[1] 
0.673378685	261.855	[1] 
0.679183673	261.862	[1] 
0.684988662	261.841	[1] 
0.690793651	261.822	[1] 
0.696598639	261.876	[1] 
0.702403628	261.827	[1] 
0.708208617	261.876	[1] 
0.714013605	261.896	[1] 
0.719818594	261.852	[1] 
0.725623583	261.94	[1] 
0.731428571	261.846	[1] 
0.737233560	261.831	[1] 
0.743038549	261.853	[1] 
0.748843537	261.768	[1] 
0.754648526	261.889	[1] 
0.760453515	261.821	[1] 
0.766258503	261.873	[1] 
0.772063492	261.9	[1] 
0.777868481	261.867	[1] 
0.783673469	261.877	[1] 
0.789478458	261.881	[1] 
0.795283447	261.834	[1] 
0.801088435	261.839	[1] 
0.806893424	261.824	[1] 
0.812698413	261.845	[1] 
0.818503401	261.871	[1] 
0.824308390	261.93	[1] 
0.830113379	261.869	[1] 
0.835918367	261.808	[1] 
0.841723356	261.862	[1] 
0.847528345	261.794	[1] 
0.853333333	261.877	[1] 
0.859138322	261.929	[1] 
0.864943311	261.907	[1] 
0.870748299	261.891	[1] 
0.876553288	261.862	[1] 
0.882358277	261.835	[1] 
0.888163265	261.867	[1] 
0.893968254	261.904	[1] 
0.899773243	261.89	[1] 
0.905578231	261.919	[1] 
0.911383220	261.949	[1] 
0.917188209	261.944	[1] 
0.922993197	261.979	[1] 
0.928798186	268.76
0.934603175	283.482	[1] 
0.940408163	292.574	[1] 
0.946213152	293.312	[1] 
0.952018141	292.425	[1] 
0.957823129	291.601	[1] 
0.963628118	290.868	[1] 
0.969433107	291.679	[1] 
0.975238095	293.068	[1] 
0.981043084	293.75	[1] 
0.986848073	294.248	[1] 
0.992653061	293.037	[1] 
0.998458050	292.365	[1] 
1.004263039	293.313	[1] 
1.010068027	293.637	[1] 
1.015873016	294.28	[1] 
1.021678005	294.618	[1] 
1.027482993	294.327	[1] 
1.033287982	294.286	[1] 
1.039092971	294.378	[1] 
1.044897959	294.53	[1] 
1.050702948	294.159	[1] 
1.056507937	293.739	[1] 
1.062312925	293.964	[1] 
1.068117914	293.931	[1] 
1.073922902	293.867	[1] 
1.079727891	294.157	[1] 
1.085532880	293.919	[1] 
1.091337868	294.126	[1] 
1.097142857	294.28	[1] 
1.102947846	294.239	[1] 
1.108752834	294.223	[1] 
1.114557823	293.872	[1] 
1.120362812	293.994	[1] 
1.126167800	294.021	[1] 
1.131972789	294.061	[1] 
1.137777778	294.093	[1] 
1.143582766	293.941	[1] 
1.149387755	294.03	[1] 
1.155192744	294.049	[1] 
1.160997732	294.056	[1] 
1.166802721	293.909	[1] 
1.172607710	293.937	[1] 
1.178412698	294.067	[1] 
1.184217687	294.096	[1] 
1.190022676	294.182	[1] 
1.195827664	294.099	[1] 
1.201632653	293.95	[1] 
1.207437642	293.915	[1] 
1.213242630	293.859	[1] 
1.219047619	293.877	[1] 
1.224852608	293.959	[1] 
1.230657596	294.011	[1] 
1.236462585	294.158	[1] 
1.242267574	294.047	[1] 
1.248072562	294.131	[1] 
1.253877551	294.081	[1] 
1.259682540	293.919	[1] 
1.265487528	294.053	[1] 
1.271292517	293.958	[1] 
1.277097506	294.039	[1] 
1.282902494	294.065	[1] 
1.288707483	294.199	[1] 
1.294512472	294.238	[1] 
1.300317460	294.215	[1] 
1.306122449	294.218	[1] 
1.311927438	294.154	[1] 
1.317732426	294.092	[1] 
1.323537415	293.979	[1] 
1.329342404	294.126	[1] 
1.335147392	294.197	[1] 
1.340952381	294.211	[1] 
1.346757370	294.322	[1] 
1.352562358	294.165	[1] 
1.358367347	294.04	[1] 
1.364172336	294.019	[1] 
1.369977324	294.01	[1] 
1.375782313	294.082	[1] 
1.381587302	294.077	[1] 
1.387392290	294.157	[1] 
1.393197279	294.211	[1] 
1.399002268	294.214	[1] 
1.404807256	294.231	[1] 
1.410612245	294.193	[1] 
1.416417234	294.121	[1] 
1.422222222	294.099	[1] 
1.428027211	294.093	[1] 
1.433832200	294.232	[1] 
1.439637188	294.22	[1] 
1.445442177	294.232	[1] 
1.451247166	294.305	[1] 
1.457052154	294.176	[1] 
1.462857143	294.171	[1] 
1.468662132	294.078	[1] 
1.474467120	294.219	[1] 
1.480272109	294.341	[1] 
1.486077098	292.268	[1] 
1.491882086	309.474	[1] 
1.497687075	317.505	[1] 
1.503492063	323.799	[1] 
1.509297052	325.129	[1] 
1.515102041	328.752	[1] 
1.520907029	328.799	[1] 
1.526712018	328.333	[1] 
1.532517007	328.355	[1] 
1.538321995	327.364	[1] 
1.544126984	328.836	[1] 
1.549931973	329.147	[1] 
1.555736961	329.102	[1] 
1.561541950	329.257	[1] 
1.567346939	328.9	[1] 
1.573151927	329.408	[1] 
1.578956916	329.89	[1] 
1.584761905	330.097	[1] 
1.590566893	328.994	[1] 
1.596371882	329.462	[1] 
1.602176871	329.85	[1] 
1.607981859	330.249	[1] 
1.613786848	330.577	[1] 
1.619591837	329.975	[1] 
1.625396825	330.166	[1] 
1.631201814	330.29	[1] 
1.637006803	330.254	[1] 
1.642811791	330.363	[1] 
1.648616780	330.357	[1] 
1.654421769	330.102	[1] 
1.660226757	330.176	[1] 
1.666031746	330.196	[1] 
1.671836735	329.817	[1] 
1.677641723	330.116	[1] 
1.683446712	330.109	[1] 
1.689251701	329.984	[1] 
1.695056689	330.069	[1] 
1.700861678	329.841	[1] 
1.706666667	330.152	[1] 
1.712471655	330.124	[1] 
1.718276644	330.088	[1] 
1.724081633	330.155	[1] 
1.729886621	330.17	[1] 
1.735691610	330.337	[1] 
1.741496599	330.416	[1] 
1.747301587	330.206	[1] 
1.753106576	330.079	[1] 
1.758911565	330.1	[1] 
1.764716553	330.005	[1] 
1.770521542	330.153	[1] 
1.776326531	330.298	[1] 
1.782131519	330.368	[1] 
1.787936508	330.533	[1] 
1.793741497	330.384	[1] 
1.799546485	330.284	[1] 
1.805351474	330.22	[1] 
1.811156463	330.105	[1] 
1.816961451	330.235	[1] 
1.822766440	330.087	[1] 
1.828571429	330.102	[1] 
1.834376417	330.03	[1] 
1.840181406	330.179	[1] 
1.845986395	330.404	[1] 
1.851791383	330.22	[1] 
1.857596372	330.146	[1] 
1.863401361	329.972	[1] 
1.869206349	330.04	[1] 
1.875011338	330.193	[1] 
1.880816327	330.067	[1] 
1.886621315	329.929	[1] 
1.892426304	329.934	[1] 
1.898231293	330.042	[1] 
1.904036281	330.053	[1] 
1.909841270	330.039	[1] 
1.915646259	330.182	[1] 
1.921451247	330.099	[1] 
1.927256236	330.071	[1] 
1.933061224	329.978	[1] 
1.938866213	329.842	[1] 
1.944671202	329.882	[1] 
1.950476190	329.918	[1] 
1.956281179	330.052	[1] 
1.962086168	330.08	[1] 
1.967891156	330.082	[1] 
1.973696145	330.092	[1] 
1.979501134	330.056	[1] 
1.985306122	330.29	[1] 
1.991111111	330.114	[1] 
1.996916100	330.037	[1] 
2.002721088	329.962	[1] 
2.008526077	330.105	[1] 
2.014331066	330.093	[1] 
2.020136054	330.055	[1] 
2.025941043	330.005	[1] 
2.031746032	329.95	[1] 
2.037551020	330.09	[1] 
2.043356009	330	[1] 
2.049160998	339.733	[1] 
2.054965986	336.039	[1] 
2.060770975	342.988	[1] 
2.066575964	345.333	[1] 
2.072380952	346.336	[1] 
2.078185941	346.569	[1] 
2.083990930	346.665	[1] 
2.089795918	347.151	[1] 
2.095600907	347.087	[1] 
2.101405896	350.035	[1] 
2.107210884	350.664	[1] 
2.113015873	350.192	[1] 
2.118820862	349.991	[1] 
2.124625850	348.8	[1] 
2.130430839	348.406	[1] 
2.136235828	348.451	[1] 
2.142040816	348.21	[1] 
2.147845805	348.767	[1] 
2.153650794	349.423	[1] 
2.159455782	349.98	[1] 
2.165260771	350.412	[1] 
2.171065760	350.232	[1] 
2.176870748	349.499	[1] 
2.182675737	349.057	[1] 
2.188480726	348.8	[1] 
2.194285714	348.8	[1] 
2.200090703	348.803	[1] 
2.205895692	349.261	[1] 
2.211700680	349.613	[1] 
2.217505669	349.542	[1] 
2.223310658	349.354	[1] 
2.229115646	349.289	[1] 
2.234920635	349.045	[1] 
2.240725624	349.253	[1] 
2.246530612	349.285	[1] 
2.252335601	349.367	[1] 
2.258140590	349.671	[1] 
2.263945578	349.662	[1] 
2.269750567	349.89	[1] 
2.275555556	349.685	[1] 
2.281360544	349.456	[1] 
2.287165533	349.399	[1] 
2.292970522	349.359	[1] 
2.298775510	349.327	[1] 
2.304580499	349.516	[1] 
2.310385488	349.431	[1] 
2.316190476	349.49	[1] 
2.321995465	349.599	[1] 
2.327800454	349.471	[1] 
2.333605442	349.38	[1] 
2.339410431	349.408	[1] 
2.345215420	349.442	[1] 
2.351020408	349.411	[1] 
2.356825397	349.336	[1] 
2.362630385	349.337	[1] 
2.368435374	349.245	[1] 
2.374240363	349.327	[1] 
2.380045351	349.296	[1] 
2.385850340	349.133	[1] 
2.391655329	349.159	[1] 
2.397460317	349.143	[1] 
2.403265306	349.271	[1] 
2.409070295	349.22	[1] 
2.414875283	349.204	[1] 
2.420680272	349.273	[1] 
2.426485261	349.333	[1] 
2.432290249	349.284	[1] 
2.438095238	349.178	[1] 
2.443900227	349.133	[1] 
2.449705215	349.119	[1] 
2.455510204	349.23	[1] 
2.461315193	349.293	[1] 
2.467120181	349.277	[1] 
2.472925170	349.197	[1] 
2.478730159	349.266	[1] 
2.484535147	349.329	[1] 
2.490340136	349.259	[1] 
2.496145125	349.251	[1] 
2.501950113	349.321	[1] 
2.507755102	349.407	[1] 
2.513560091	349.363	[1] 
2.519365079	349.391	[1] 
2.525170068	349.41	[1] 
2.530975057	349.417	[1] 
2.536780045	349.472	[1] 
2.542585034	349.337	[1] 
2.548390023	349.319	[1] 
2.554195011	349.345	[1] 
2.560000000	349.331	[1] 
2.565804989	349.454	[1] 
2.571609977	349.398	[1] 
2.577414966	349.4	[1] 
2.583219955	349.486	[1] 
2.589024943	351.773	[1] 
2.594829932	365.742	[1] 
2.600634921	380.582	[1] 
2.606439909	389.124	[1] 
2.612244898	389.434	[1] 
2.618049887	390.661	[1] 
2.623854875	390.02	[1] 
2.629659864	390.616	[1] 
2.635464853	392.044	[1] 
2.641269841	391.594	[1] 
2.647074830	391.958	[1] 
2.652879819	391.725	[1] 
2.658684807	391.356	[1] 
2.664489796	391.885	[1] 
2.670294785	392.574	[1] 
2.676099773	392.648	[1] 
2.681904762	392.619	[1] 
2.687709751	392.687	[1] 
2.693514739	392.569	[1] 
2.699319728	392.691	[1] 
2.705124717	392.175	[1] 
2.710929705	392.31	[1] 
2.716734694	392.476	[1] 
2.722539683	392.309	[1] 
2.728344671	392.493	[1] 
2.734149660	392.808	[1] 
2.739954649	392.625	[1] 
2.745759637	392.519	[1] 
2.751564626	392.52	[1] 
2.757369615	392.396	[1] 
2.763174603	392.703	[1] 
2.768979592	392.838	[1] 
2.774784580	392.686	[1] 
2.780589569	392.659	[1] 
2.786394558	392.425	[1] 
2.792199546	392.269	[1] 
2.798004535	392.432	[1] 
2.803809524	392.427	[1] 
2.809614512	392.5	[1] 
2.815419501	392.273	[1] 
2.821224490	392.365	[1] 
2.827029478	392.361	[1] 
2.832834467	392.461	[1] 
2.838639456	392.433	[1] 
2.844444444	392.38	[1] 
2.850249433	392.527	[1] 
2.856054422	392.486	[1] 
2.861859410	392.513	[1] 
2.867664399	392.589	[1] 
2.873469388	392.588	[1] 
2.879274376	392.461	[1] 
2.885079365	392.518	[1] 
2.890884354	392.404	[1] 
2.896689342	392.423	[1] 
2.902494331	392.289	[1] 
2.908299320	392.188	[1] 
2.914104308	392.341	[1] 
2.919909297	392.305	[1] 
2.925714286	392.346	[1] 
2.931519274	392.297	[1] 
2.937324263	392.424	[1] 
2.943129252	392.274	[1] 
2.948934240	392.282	[1] 
2.954739229	392.132	[1] 
2.960544218	392.312	[1] 
2.966349206	392.312	[1] 
2.972154195	392.33	[1] 
2.977959184	392.36	[1] 
2.983764172	392.243	[1] 
2.989569161	392.169	[1] 
2.995374150	391.956	[1] 
3.001179138	392.147	[1] 
3.006984127	392.089	[1] 
3.012789116	392.211	[1] 
3.018594104	392.169	[1] 
3.024399093	392.127	[1] 
3.030204082	392.121	[1] 
3.036009070	391.917	[1] 
3.041814059	392.078	[1] 
3.047619048	392.153	[1] 
3.053424036	392.105	[1] 
3.059229025	392.045	[1] 
3.065034014	392.114	[1] 
3.070839002	391.944	[1] 
3.076643991	392.114	[1] 
3.082448980	392.064	[1] 
3.088253968	392.169	[1] 
3.094058957	392.165	[1] 
3.099863946	392.063	[1] 
3.105668934	392.131	[1] 
3.111473923	391.988	[1] 
3.117278912	392.209	[1] 
3.123083900	392.186	[1] 
3.128888889	392.315	[1] 
3.134693878	392.17	[1] 
3.140498866	392.164	[1] 
3.146303855	392.211	[1] 
3.152108844	392.533	[1] 
3.157913832	413.798	[1] 
3.163718821	422.482	[1] 
3.169523810	431.028	[1] 
3.175328798	428.692	[1] 
3.181133787	429.606	[1] 
3.186938776	430.695	[1] 
3.192743764	428.944	[1] 
3.198548753	433.675	[1] 
3.204353741	437.745	[1] 
3.210158730	438.684	[1] 
3.215963719	438.199	[1] 
3.221768707	442.673	[1] 
3.227573696	443.07	[1] 
3.233378685	441.937	[1] 
3.239183673	443.286	[1] 
3.244988662	442.563	[1] 
3.250793651	441.807	[1] 
3.256598639	441.914	[1] 
3.262403628	442.308	[1] 
3.268208617	441.969	[1] 
3.274013605	441.912	[1] 
3.279818594	441.611	[1] 
3.285623583	441.068	[1] 
3.291428571	441.259	[1] 
3.297233560	441.613	[1] 
3.303038549	442.068	[1] 
3.308843537	441.821	[1] 
3.314648526	441.645	[1] 
3.320453515	441.344	[1] 
3.326258503	441.254	[1] 
3.332063492	441.527	[1] 
3.337868481	442.073	[1] 
3.343673469	441.954	[1] 
3.349478458	441.409	[1] 
3.355283447	441.489	[1] 
3.361088435	441.064	[1] 
3.366893424	440.957	[1] 
3.372698413	441.29	[1] 
3.378503401	441.391	[1] 
3.384308390	441.282	[1] 
3.390113379	440.745	[1] 
3.395918367	441.026	[1] 
3.401723356	441.41	[1] 
3.407528345	441.044	[1] 
3.413333333	441.175	[1] 
3.419138322	441.526	[1] 
3.424943311	440.97	[1] 
3.430748299	440.694	[1] 
3.436553288	441.646	[1] 
3.442358277	441.604	[1] 
3.448163265	441.025	[1] 
3.453968254	441.181	[1] 
3.459773243	440.938	[1] 
3.465578231	440.92	[1] 
3.471383220	440.904	[1] 
3.477188209	441.315	[1] 
3.482993197	441.559	[1] 
3.488798186	441.102	[1] 
3.494603175	440.854	[1] 
3.500408163	441.067	[1] 
3.506213152	441.174	[1] 
3.512018141	441.119	[1] 
3.517823129	441.337	[1] 
3.523628118	441.508	[1] 
3.529433107	441.319	[1] 
3.535238095	441.145	[1] 
3.541043084	441.318	[1] 
3.546848073	441.311	[1] 
3.552653061	441.009	[1] 
3.558458050	440.977	[1] 
3.564263039	441.058	[1] 
3.570068027	440.889	[1] 
3.575873016	440.898	[1] 
3.581678005	441.031	[1] 
3.587482993	441.06	[1] 
3.593287982	440.852	[1] 
3.599092971	440.787	[1] 
3.604897959	441.036	[1] 
3.610702948	440.956	[1] 
3.616507937	440.718	[1] 
3.622312925	440.832	[1] 
3.628117914	440.839	[1] 
3.633922902	440.326	[1] 
3.639727891	440.332	[1] 
3.645532880	440.652	[1] 
3.651337868	440.673	[1] 
3.657142857	440.417	[1] 
3.662947846	440.613	[1] 
3.668752834	440.859	[1] 
3.674557823	440.467	[1] 
3.680362812	440.344	[1] 
3.686167800	440.553	[1] 
3.691972789	440.518	[1] 
3.697777778	440.189	[1] 
3.703582766	440.305	[1] 
3.709387755	440.684	[1] 
3.715192744	440.443	[1] 
3.720997732	440.472	[1] 
3.726802721	440.746	[1] 
3.732607710	442.702	[1] 
3.738412698	470.858	[1] 
3.744217687	490.502	[1] 
3.750022676	496.707	[1] 
3.755827664	499.677	[1] 
3.761632653	499.449	[1] 
3.767437642	497.001	[1] 
3.773242630	494.977	[1] 
3.779047619	494.398	[1] 
3.784852608	494.834	[1] 
3.790657596	495.418	[1] 
3.796462585	495.659	[1] 
3.802267574	494.481	[1] 
3.808072562	495.158	[1] 
3.813877551	496.21	[1] 
3.819682540	495.784	[1] 
3.825487528	496.238	[1] 
3.831292517	993.225	[1] 
3.837097506	1016.49	[1] 
3.842902494	496.46	[1] 
3.848707483	496.512	[1] 
3.854512472	496.357	[1] 
3.860317460	496.95	[1] 
3.866122449	496.077	[1] 
3.871927438	496.069	[1] 
3.877732426	496.099	[1] 
3.883537415	495.48	[1] 
3.889342404	496.162	[1] 
3.895147392	496.174	[1] 
3.900952381	495.813	[1] 
3.906757370	496.022	[1] 
3.912562358	495.788	[1] 
3.918367347	495.528	[1] 
3.924172336	495.954	[1] 
3.929977324	496.125	[1] 
3.935782313	495.992	[1] 
3.941587302	495.936	[1] 
3.947392290	495.905	[1] 
3.953197279	495.533	[1] 
3.959002268	495.546	[1] 
3.964807256	495.654	[1] 
3.970612245	495.7	[1] 
3.976417234	495.638	[1] 
3.982222222	495.705	[1] 
3.988027211	495.562	[1] 
3.993832200	495.621	[1] 
3.999637188	495.786	[1] 
4.005442177	495.841	[1] 
4.011247166	495.862	[1] 
4.017052154	496.081	[1] 
4.022857143	495.85	[1] 
4.028662132	495.949	[1] 
4.034467120	495.876	[1] 
4.040272109	495.686	[1] 
4.046077098	495.567	[1] 
4.051882086	495.573	[1] 
4.057687075	495.712	[1] 
4.063492063	495.76	[1] 
4.069297052	495.542	[1] 
4.075102041	495.904	[1] 
4.080907029	495.694	[1] 
4.086712018	495.66	[1] 
4.092517007	495.863	[1] 
4.098321995	495.7	[1] 
4.104126984	495.707	[1] 
4.109931973	495.693	[1] 
4.115736961	495.654	[1] 
4.121541950	495.797	[1] 
4.127346939	495.713	[1] 
4.133151927	495.664	[1] 
4.138956916	495.604	[1] 
4.144761905	495.43	[1] 
4.150566893	495.568	[1] 
4.156371882	495.537	[1] 
4.162176871	495.542	[1] 
4.167981859	495.672	[1] 
4.173786848	495.776	[1] 
4.179591837	495.663	[1] 
4.185396825	495.712	[1] 
4.191201814	495.659	[1] 
4.197006803	495.365	[1] 
4.202811791	495.465	[1] 
4.208616780	495.184	[1] 
4.214421769	495.271	[1] 
4.220226757	495.324	[1] 
4.226031746	495.374	[1] 
4.231836735	495.499	[1] 
4.237641723	1017.29	[1] 
4.243446712	1007.61	[1] 
4.249251701	1005.4	[1] 
4.255056689	992.874	[1] 
4.260861678	991.952	[1] 
4.266666667	995.224	[1] 
4.272471655	997.388	[1] 
4.278276644	1007.09	[1] 
4.284081633	1008.2	[1] 
4.289886621	493.469	[1] 
4.295691610	512.207	[1] 
4.301496599	517.382	[1] 
4.307301587	527.306	[1] 
4.313106576	528.237	[1] 
4.318911565	526.255	[1] 
4.324716553	526.183	[1] 
4.330521542	524.397	[1] 
4.336326531	524.287	[1] 
4.342131519	525.263	[1] 
4.347936508	525.715	[1] 
4.353741497	525.426	[1] 
4.359546485	524.882	[1] 
4.365351474	524.49	[1] 
4.371156463	524.754	[1] 
4.376961451	525.235	[1] 
4.382766440	525.342	[1] 
4.388571429	525.343	[1] 
4.394376417	524.256	[1] 
4.400181406	524.044	[1] 
4.405986395	524.511	[1] 
4.411791383	524.78	[1] 
4.417596372	525.256	[1] 
4.423401361	525.172	[1] 
4.429206349	524.557	[1] 
4.435011338	524.403	[1] 
4.440816327	524.171	[1] 
4.446621315	524.351	[1] 
4.452426304	524.196	[1] 
4.458231293	523.769	[1] 
4.464036281	523.718	[1] 
4.469841270	523.764	[1] 
4.475646259	523.642	[1] 
4.481451247	523.888	[1] 
4.487256236	523.956	[1] 
4.493061224	524.087	[1] 
4.498866213	524.45	[1] 
4.504671202	524.439	[1] 
4.510476190	524.231	[1] 
4.516281179	523.819	[1] 
4.522086168	523.734	[1] 
4.527891156	523.913	[1] 
4.533696145	523.872	[1] 
4.539501134	524.112	[1] 
4.545306122	523.957	[1] 
4.551111111	523.809	[1] 
4.556916100	523.948	[1] 
4.562721088	523.923	[1] 
4.568526077	524.277	[1] 
4.574331066	524.157	[1] 
4.580136054	524.193	[1] 
4.585941043	524.303	[1] 
4.591746032	524.125	[1] 
4.597551020	524.259	[1] 
4.603356009	524.339	[1] 
4.609160998	524.339	[1] 
4.614965986	524.336	[1] 
4.620770975	524.31	[1] 
4.626575964	524.164	[1] 
4.632380952	523.99	[1] 
4.638185941	524.138	[1] 
4.643990930	524.107	[1] 
4.649795918	524.356	[1] 
4.655600907	524.347	[1] 
4.661405896	524.422	[1] 
4.667210884	524.142	[1] 
4.673015873	524.183	[1] 
4.678820862	524.196	[1] 
4.684625850	524.214	[1] 
4.690430839	524.538	[1] 
4.696235828	524.61	[1] 
4.702040816	524.687	[1] 
4.707845805	524.827	[1] 
4.713650794	524.528	[1] 
4.719455782	524.562	[1] 
4.725260771	524.597	[1] 
4.731065760	524.86	[1] 
4.736870748	524.674	[1] 
4.742675737	524.405	[1] 
4.748480726	524.439	[1] 
4.754285714	524.431	[1] 
4.760090703	524.197	[1] 
4.765895692	524.371	[1] 
4.771700680	524.405	[1] 
4.777505669	524.387	[1] 
4.783310658	524.478	[1] 
4.789115646	524.49	[1] 
4.794920635	524.013	[1] 
4.800725624	524.449	[1] 
4.806530612	524.873	[1] 
4.812335601	524.577	[1] 
4.818140590	524.459	[1] 
4.823945578	525.951	[1] 
4.829750567	528.723	[1] 
4.835555556	525.193	[1] 
4.841360544	524.956	[1] 
4.847165533	524.776	[1] 
4.852970522	524.774	[1] 
4.858775510	524.775	[1] 
4.864580499	525.314	[1] 
4.870385488	524.974	[1] 
4.876190476	524.906	[1] 
4.881995465	529.803	[1] 
4.887800454	529.061	[1] 
4.893605442	528.508	[1] 
4.899410431	525.903	[1] 
4.905215420	535.737	[1] 
4.911020408	535.761	[1] 
4.916825397	525.761	[1] 
4.922630385	529.535	[1] 
4.928435374	530.719	[1] 
4.934240363	542.478	[1] 
4.940045351	531.31	[1] 
4.945850340	531.511	[1] 
4.951655329	531.252	[1] 
4.957460317	562.164	[1] 
4.963265306	608.808	[1] 
4.969070295	548.704	[1] 
4.974875283	549.052	[1] 
4.980680272	532.193	[1] 
4.986485261	535.054	[1] 
4.992290249	531.934	[1] 
4.998095238	531.175	[1] 
5.003900227	532.356	[1] 
5.009705215	521.365	[1] 
5.015510204	592.268	[1] 
5.021315193	592.367	[1] 
5.027120181	536.468	[1] 
5.032925170	536.009	[1] 
5.038730159	570.019	[1] 
5.044535147	601.053	[1]